#
Glider
1
22
40
41
42
?
#
Small Exploder
169
188
189
190
208
210
229
?
#
Exploder
147
149
151
167
171
187
191
207
211
227
229
231
?
#
10 Cell Row
185
186
187
188
189
190
191
192
193
194
?
#
Lightweight Spaceship
141
142
143
144
160
164
184
200
203
?
#
Tumbler
147
148
150
151
167
168
170
171
188
190
206
208
210
212
226
228
230
232
246
247
251
252
?
#
Caterer
128
146
150
151
152
153
166
170
186
209
227
228
?
#
Figure Eight
147
148
149
167
168
169
187
188
189
210
211
212
230
231
232
250
251
252
?
0
